0 0.7578125 0.92109375 0.2171875 0.10625
0 0.2890625 0.8 0.18046875 0.090625
0 0.15 0.5796875 0.15234375 0.0765625
0 0.60546875 0.5640625 0.16171875 0.06796875
0 0.83984375 0.4078125 0.153125 0.059375
0 0.66640625 0.31796875 0.14765625 0.06796875
0 0.4953125 0.3265625 0.11796875 0.0625
0 0.31328125 0.34140625 0.12109375 0.0640625
0 0.88984375 0.1484375 0.1265625 0.05859375
0 0.75390625 0.0671875 0.096875 0.046875
0 0.58984375 0.14453125 0.0953125 0.05234375
0 0.2078125 0.27109375 0.1125 0.0453125
0 0.5 0.04453125 0.090625 0.04140625
0 0.39140625 0.04296875 0.0921875 0.03984375
0 0.2796875 0.13984375 0.10546875 0.04375