0 0.2421875 0.92109375 0.2171875 0.10625
0 0.7109375 0.8 0.18046875 0.090625
0 0.85 0.5796875 0.15234375 0.0765625
0 0.39453125 0.5640625 0.16171875 0.06796875
0 0.16015625 0.4078125 0.153125 0.059375
0 0.33359375 0.31796875 0.14765625 0.06796875
0 0.5046875 0.3265625 0.11796875 0.0625
0 0.68671875 0.34140625 0.12109375 0.0640625
0 0.11015625 0.1484375 0.1265625 0.05859375
0 0.24609375 0.0671875 0.096875 0.046875
0 0.41015625 0.14453125 0.0953125 0.05234375
0 0.7921875 0.27109375 0.1125 0.0453125
0 0.5 0.04453125 0.090625 0.04140625
0 0.60859375 0.04296875 0.0921875 0.03984375
0 0.7203125 0.13984375 0.10546875 0.04375