0 0.2453125 0.75390625 0.14609375 0.06796875
0 0.36328125 0.51953125 0.11953125 0.05859375
0 0.5203125 0.51875 0.1265625 0.05703125
0 0.69609375 0.51171875 0.11640625 0.05546875
0 0.19921875 0.44140625 0.09921875 0.04375
0 0.3796875 0.40546875 0.0921875 0.046875
0 0.490625 0.31875 0.07265625 0.03515625
0 0.63203125 0.32109375 0.07109375 0.03671875
0 0.53046875 0.25390625 0.0640625 0.02734375
0 0.3859375 0.2359375 0.05234375 0.02578125
0 0.44765625 0.2328125 0.05703125 0.028125
0 0.58984375 0.23203125 0.046875 0.02734375